642
643
644
645

36 67 36.
264 581 3.
345 852 1.
545 611 1.

418 474 2.
124 724 2.
167 848 1.
218 922 1.

=================== 8

161 939 1.
69 526 2.
115 456 2.
755 913 1.

144 537 1.
118 251 2.
321 896 2.
20 382 1.

=================== 16

206 1015 2.
40 893 2.
829 907 2.
48 775 2.

386 997 1.
2 97 2.
395 840 3.
459 968 2.

=================== 24

80 993 1.
341 625 1.
309 461 1.
406 988 2.

29 216 2.
271 959 2.
863 941 1.
744 971 1.

=================== 32

737 1001 2.
95 650 2.
257 372 1.
215 631 2.

149 937 1.
174 672 1.
687 954 2.

=================== 40

88 617 2.
734 981 2.
435 994 1.
145 558 2.

44 207 1.
261 864 1.
630 686 2.
399 698 2.

=================== 48

568 788 2.
641 655 1.
52 571 1.
454 934 2.

339 925 1.
723 933 2.
62 426 1.
56 929 2.

=================== 56

125 756 1.
291 600 3.
763 935 3.
193 256 2.

112 639 2.
530 566 1.
782 876 2.
343 487 2.

=================== 64

532 760 1.
75 1010 2.
584 841 1.
373 750 1.

200 462 2.
13 122 1.
1 710 2.
273 172 2.

=================== 72

51 114 1.
143 866 1.
378 548 1.
63 1003 1.

638 93 3.
646 499 2.
165 138 1.
349 308 2.

=================== 80

192 64 2.
87 424 2.
46 967 1.
159 862 1.

425 430 1.
416 898 2.
664 637 2.
401 903 2.

=================== 88

346 578 3.
360 808 1.
353 989 2.
123 335 3.

791 815 1.
951 508 2.
539 810 3.
390 819 2.

=================== 96

467 204 3.
692 388 2.
980 350 1.
779 919 2.

311 602 3.
564 484 1.
1020 117 1.
85 385 1.

=================== 104

156 439 1.
770 762 1.
897 73 1.
964 609 2.

891 764 1.
229 753 2.
306 327 2.
542 930 1.

=================== 112

375 21 2.
383 477 1.
882 676 2.
818 434 2.

12 317 1.
853 873 2.
991 166 3.
1014 948 1.

=================== 120

767 337 2.
37 398 1.
1021 407 1.
260 883 2. 

453 466 3.
155 160 2.
387 228 3.
969 287 1.

=================== 128

129 450 2.
301 531 2.
3 148 1.
81 972 1.

134 914 2.
315 757 1.
551 241 2.
503 94 1.

=================== 136

521 189 1.
940 232 1.
443 807 1.
58 1022 2.

597 1011 1.
982 326 1.
446 449 2.
885 150 2.

=================== 144

8 312 1.
799 774 2.
441 975 2.
53 268 1.

928 629 1.
1006 478 1.
736 718 1. 
671 740 3.

=================== 152

177 34 1.
57 665 2.
205 528 1.
849 651 2.

379 662 1.
361 666 1.
886 974 1.
512 38 2.

=================== 160

370 560 2.
793 824 1.
493 540 2.
590 778 1.

831 322 2.
137 242 3.
506 792 1.
613 102

=================== 168

910 549 1.
277 320 2.
247 9 1.
421 278 1.

592 656 2.
171 393 1.
632 30 1.
245 845 2.

=================== 176

480 966 1.
295 33 2.
270 696 1.
635 146 1.

121 119 2.
188 162 2.
240 582 1.
263 66 2.

=================== 184

511 338 2. 
213 921 3.
522 412 1.
607 657 2.

298 190 2.
135 151 1.
60 497 2.
181 598 3. (gadaffi)

=================== 192

620 473 2. (whitebeard)
513 694 2. (diogenes)
610 488 1. (himiko toga)
633 854 3.

546 927 2.
917 561 2.
1008 423 2.
979 249 1.

=================== 200

973 725 2.
68 419 1.
253 594 2.
440 624 1.

720 563 2.
183 821 2.
413 4
674 266



